mergeSort
1000,0.00012
1100,0.000129
1200,0.000143
1300,0.000154
1400,0.000169
1500,0.000181
1600,0.000195
1700,0.000214
1800,0.000221
1900,0.000233
2000,0.000244
2100,0.00026
2200,0.000274
2300,0.000288
2400,0.000302
2500,0.000314
2600,0.00033
2700,0.000344
2800,0.000356
2900,0.000372
3000,0.000384
3100,0.000397
3200,0.000414
3300,0.00043
3400,0.000496
3500,0.000597
3600,0.000578
3700,0.000554
3800,0.000557
3900,0.00054
4000,0.000553
4100,0.000568
4200,0.000587
4300,0.000602
4400,0.000619
4500,0.000632
4600,0.000648
4700,0.000665
4800,0.000679
4900,0.000697
5000,0.000717
5100,0.000876
5200,0.000721
5300,0.000739
5400,0.000753
5500,0.000769
5600,0.000802
5700,0.00084
5800,0.000981
5900,0.000867
6000,0.000863
6100,0.000855
6200,0.000873
6300,0.000894
6400,0.000909
6500,0.000921
6600,0.000941
6700,0.000948
6800,0.000941
6900,0.000954
7000,0.00099
7100,0.000983
7200,0.000999
7300,0.001014
7400,0.001029
7500,0.001044
7600,0.001059
7700,0.001073
7800,0.001088
7900,0.001131
8000,0.001112
8100,0.00113
8200,0.001151
8300,0.001168
8400,0.001239
8500,0.001199
8600,0.001213
8700,0.001242
8800,0.001244
8900,0.001258
9000,0.001272
9100,0.001289
9200,0.001305
9300,0.00132
9400,0.001342
9500,0.001353
9600,0.001368
9700,0.001382
9800,0.001399
9900,0.00141
10000,0.00143
10100,0.001442
10200,0.001455
10300,0.001474
10400,0.001492
10500,0.001512
10600,0.001524
10700,0.001544
10800,0.001559
10900,0.001596
11000,0.001588
11100,0.001605
11200,0.001619
11300,0.001632
11400,0.001653
11500,0.001672
11600,0.001684
11700,0.001698
11800,0.001714
11900,0.001727
12000,0.001742
12100,0.001758
12200,0.001829
12300,0.001786
12400,0.001802
12500,0.001823
12600,0.002191
12700,0.001946
12800,0.00193
12900,0.001942
13000,0.00243
13100,0.001968
13200,0.00199
13300,0.001949
13400,0.002206
13500,0.00225
13600,0.00205
13700,0.002309
13800,0.002096
13900,0.002049
14000,0.002397
14100,0.002113
14200,0.002087
14300,0.002395
14400,0.0022
14500,0.002405
14600,0.002289
14700,0.002174
14800,0.002486
14900,0.002226
15000,0.002219
15100,0.002234
15200,0.002251
15300,0.002266
15400,0.002279
15500,0.002326
15600,0.002329
15700,0.002324
15800,0.002335
15900,0.002352
16000,0.002367
16100,0.002405
16200,0.002418
16300,0.002412
16400,0.002434
16500,0.002454
16600,0.002502
16700,0.00249
16800,0.002509
16900,0.002525
17000,0.00257
17100,0.002602
17200,0.002578
17300,0.002591
17400,0.002605
17500,0.00262
17600,0.002636
17700,0.002655
17800,0.002672
17900,0.002686
18000,0.002703
18100,0.002721
18200,0.002735
18300,0.002746
18400,0.002782
18500,0.002785
18600,0.002809
18700,0.00282
18800,0.002842
18900,0.002855
19000,0.002869
19100,0.002887
19200,0.002899
19300,0.002917
19400,0.002936
19500,0.002946
19600,0.002964
19700,0.002997
19800,0.002996
19900,0.003007
20000,0.003024
20100,0.00304
20200,0.003085
20300,0.003074
20400,0.003085
20500,0.003106
20600,0.003125
20700,0.003147
20800,0.003186
20900,0.003186
21000,0.003221
21100,0.00321
21200,0.003236
21300,0.003256
21400,0.003272
21500,0.003285
21600,0.003327
21700,0.003324
21800,0.003358
21900,0.003357
22000,0.003374
22100,0.003405
22200,0.003398
22300,0.003417
22400,0.00343
22500,0.003444
22600,0.003482
22700,0.003485
22800,0.003499
22900,0.003544
23000,0.003545
23100,0.003557
23200,0.003568
23300,0.003583
23400,0.003597
23500,0.003618
23600,0.003658
23700,0.003645
23800,0.003661
23900,0.003683
24000,0.003692
24100,0.003707
24200,0.003726
24300,0.003738
24400,0.003759
24500,0.003851
24600,0.003791
24700,0.00381
24800,0.00383
24900,0.003846
25000,0.003864
25100,0.003877
25200,0.003904
25300,0.003916
25400,0.003957
25500,0.003955
25600,0.003969
25700,0.003981
25800,0.003997
25900,0.004025
26000,0.004048
26100,0.004054
26200,0.004094
26300,0.004087
26400,0.004128
26500,0.004115
26600,0.004134
26700,0.004147
26800,0.004165
26900,0.004184
27000,0.004222
27100,0.004215
27200,0.004237
27300,0.004338
27400,0.00426
27500,0.004282
27600,0.004298
27700,0.004312
27800,0.00435
27900,0.004425
28000,0.004379
28100,0.004378
28200,0.004393
28300,0.004406
28400,0.004423
28500,0.004438
28600,0.004477
28700,0.004469
28800,0.004488
28900,0.004514
29000,0.00453
29100,0.004556
29200,0.004567
29300,0.004587
29400,0.004597
29500,0.004622
29600,0.004634
29700,0.004652
29800,0.00467
29900,0.004683
30000,0.004703
30100,0.004739
30200,0.004728
30300,0.004758
30400,0.004761
30500,0.004773
30600,0.004789
30700,0.004815
30800,0.005019
30900,0.004841
31000,0.004861
31100,0.004872
31200,0.004893
31300,0.004925
31400,0.004917
31500,0.004955
31600,0.004948
31700,0.004971
31800,0.005092
31900,0.005137
32000,0.005059
32100,0.005033
32200,0.005055
32300,0.005067
32400,0.005077
32500,0.005098
32600,0.005146
32700,0.005132
32800,0.00525
32900,0.005192
33000,0.005195
33100,0.005226
33200,0.00524
33300,0.005254
33400,0.005302
33500,0.0053
33600,0.005315
33700,0.005336
33800,0.00535
33900,0.005371
34000,0.005386
34100,0.005402
34200,0.005421
34300,0.005438
34400,0.005454
34500,0.005472
34600,0.005507
34700,0.005522
34800,0.005511
34900,0.00553
35000,0.00555
35100,0.005567
35200,0.005586
35300,0.005616
35400,0.005618
35500,0.005633
35600,0.005649
35700,0.005677
35800,0.005691
35900,0.005724
36000,0.005724
36100,0.005734
36200,0.005749
36300,0.005772
36400,0.005788
36500,0.00582
36600,0.005815
36700,0.005911
36800,0.005899
36900,0.005891
37000,0.005929
37100,0.005932
37200,0.005951
37300,0.005974
37400,0.006003
37500,0.005989
37600,0.006071
37700,0.006019
37800,0.006038
37900,0.006051
38000,0.006082
38100,0.006083
38200,0.006129
38300,0.006122
38400,0.006142
38500,0.006154
38600,0.006165
38700,0.006211
38800,0.006203
38900,0.006214
39000,0.006238
39100,0.006251
39200,0.006261
39300,0.006299
39400,0.006287
39500,0.006315
39600,0.00633
39700,0.006354
39800,0.006409
39900,0.006386
40000,0.006422
40100,0.006419
40200,0.006452
40300,0.006469
40400,0.006488
40500,0.006498
40600,0.006506
40700,0.006517
40800,0.00655
40900,0.006556
41000,0.006569
41100,0.006593
41200,0.0068
41300,0.006655
41400,0.006667
41500,0.006679
41600,0.006702
41700,0.006723
41800,0.006746
41900,0.006771
42000,0.006772
42100,0.006794
42200,0.006803
42300,0.006832
42400,0.006845
42500,0.006867
42600,0.006881
42700,0.006887
42800,0.006936
42900,0.006924
43000,0.006948
43100,0.006968
43200,0.00698
43300,0.007013
43400,0.007021
43500,0.007038
43600,0.007099
43700,0.007364
43800,0.007298
43900,0.0074
44000,0.007341
44100,0.007142
44200,0.007148
44300,0.007173
44400,0.007184
44500,0.007238
44600,0.007225
44700,0.007248
44800,0.007261
44900,0.00727
45000,0.007296
45100,0.007303
45200,0.007323
45300,0.00734
45400,0.00739
45500,0.007381
45600,0.007405
45700,0.007428
45800,0.007434
45900,0.007478
46000,0.007458
46100,0.00748
46200,0.007502
46300,0.007545
46400,0.007552
46500,0.007562
46600,0.007568
46700,0.007629
46800,0.007612
46900,0.007631
47000,0.007646
47100,0.007665
47200,0.007673
47300,0.00769
47400,0.007714
47500,0.007727
47600,0.007758
47700,0.007756
47800,0.007773
47900,0.0078
48000,0.007831
48100,0.007826
48200,0.007836
48300,0.007857
48400,0.007897
48500,0.007886
48600,0.007906
48700,0.007916
48800,0.007924
48900,0.007973
49000,0.007966
49100,0.007973
49200,0.008008
49300,0.008059
49400,0.008046
49500,0.008073
49600,0.008093
49700,0.008128
49800,0.008132
49900,0.008242
50000,0.008155
50100,0.008206
50200,0.008194
50300,0.008311
50400,0.008247
50500,0.008288
50600,0.008333
50700,0.008321
50800,0.00836
50900,0.008336
51000,0.008351
51100,0.008363
51200,0.008414
51300,0.008411
51400,0.008426
51500,0.008446
51600,0.008483
51700,0.008482
51800,0.008498
51900,0.008518
52000,0.008591
52100,0.008555
52200,0.008635
52300,0.008587
52400,0.008622
52500,0.008616
52600,0.008639
52700,0.008652
52800,0.008681
52900,0.008688
53000,0.008697
53100,0.008715
53200,0.008742
53300,0.008749
53400,0.00877
53500,0.008775
53600,0.008836
53700,0.008842
53800,0.008853
53900,0.00887
54000,0.008869
54100,0.008879
54200,0.008999
54300,0.008945
54400,0.008943
54500,0.008955
54600,0.008975
54700,0.00901
54800,0.009005
54900,0.009025
55000,0.00904
55100,0.009059
55200,0.009122
55300,0.009082
55400,0.009164
55500,0.00914
55600,0.009134
55700,0.009167
55800,0.009198
55900,0.009195
56000,0.009214
56100,0.009273
56200,0.009259
56300,0.009273
56400,0.009272
56500,0.00932
56600,0.009306
56700,0.009332
56800,0.009345
56900,0.00939
57000,0.009372
57100,0.009401
57200,0.009422
57300,0.009421
57400,0.009448
57500,0.009519
57600,0.009518
57700,0.009522
57800,0.009561
57900,0.00958
58000,0.009573
58100,0.009592
58200,0.009612
58300,0.009744
58400,0.009654
58500,0.009665
58600,0.009696
58700,0.009707
58800,0.00972
58900,0.009737
59000,0.009755
59100,0.009767
59200,0.009786
59300,0.009845
59400,0.009821
59500,0.009835
59600,0.009864
59700,0.009873
59800,0.009885
59900,0.009914
60000,0.00995
60100,0.009952
60200,0.009962
60300,0.010002
60400,0.009988
60500,0.010013
60600,0.010049
60700,0.010042
60800,0.010053
60900,0.010082
61000,0.010121
61100,0.010117
61200,0.010129
61300,0.010163
61400,0.010156
61500,0.010178
61600,0.010197
61700,0.010243
61800,0.010229
61900,0.010288
62000,0.010294
62100,0.010299
62200,0.010376
62300,0.010561
62400,0.010348
62500,0.010339
62600,0.01037
62700,0.010385
62800,0.010398
62900,0.010434
63000,0.010429
63100,0.010452
63200,0.010468
63300,0.01051
63400,0.010504
63500,0.010508
63600,0.010558
63700,0.010552
63800,0.010562
63900,0.01063
64000,0.010598
64100,0.010642
64200,0.010662
64300,0.010646
64400,0.010676
64500,0.010727
64600,0.011051
64700,0.011059
64800,0.010995
64900,0.010747
65000,0.01077
65100,0.010817
65200,0.010809
65300,0.010828
65400,0.010864
65500,0.01088
65600,0.010894
65700,0.010903
65800,0.01094
65900,0.010944
66000,0.010994
66100,0.011018
66200,0.011023
66300,0.01106
66400,0.011112
66500,0.011074
66600,0.011094
66700,0.01112
66800,0.011134
66900,0.011148
67000,0.011267
67100,0.011197
67200,0.011238
67300,0.011253
67400,0.011256
67500,0.011272
67600,0.011317
67700,0.011431
67800,0.011343
67900,0.011371
68000,0.011382
68100,0.011383
68200,0.011441
68300,0.011427
68400,0.011466
68500,0.011488
68600,0.011483
68700,0.011498
68800,0.011542
68900,0.011518
69000,0.011545
69100,0.011581
69200,0.011567
69300,0.01159
69400,0.011646
69500,0.011624
69600,0.011658
69700,0.011692
69800,0.011682
69900,0.011688
70000,0.011745
70100,0.011745
70200,0.011756
70300,0.011799
70400,0.011791
70500,0.011826
70600,0.011823
70700,0.011839
70800,0.01189
70900,0.011879
71000,0.011912
71100,0.011951
71200,0.011969
71300,0.011967
71400,0.012015
71500,0.012
71600,0.01202
71700,0.012047
71800,0.012042
71900,0.012053
72000,0.012083
72100,0.0121
72200,0.012143
72300,0.012137
72400,0.01215
72500,0.012199
72600,0.01218
72700,0.012213
72800,0.012294
72900,0.012252
73000,0.01224
73100,0.012278
73200,0.012273
73300,0.012288
73400,0.012338
73500,0.012343
73600,0.012394
73700,0.012373
73800,0.012392
73900,0.012446
74000,0.012427
74100,0.012454
74200,0.012501
74300,0.012501
74400,0.012576
74500,0.012529
74600,0.012563
74700,0.012592
74800,0.01259
74900,0.012615
75000,0.012663
75100,0.012676
75200,0.012712
75300,0.012705
75400,0.012716
75500,0.01276
75600,0.012748
75700,0.012822
75800,0.012754
75900,0.012796
76000,0.013027
76100,0.012833
76200,0.012875
76300,0.01287
76400,0.012883
76500,0.012923
76600,0.012919
76700,0.012932
76800,0.012965
76900,0.012978
77000,0.013005
77100,0.012993
77200,0.013016
77300,0.013051
77400,0.013041
77500,0.013066
77600,0.013123
77700,0.013111
77800,0.01314
77900,0.013136
78000,0.01317
78100,0.013185
78200,0.013193
78300,0.013227
78400,0.01322
78500,0.013228
78600,0.013291
78700,0.013283
78800,0.013308
78900,0.013308
79000,0.013481
79100,0.013389
79200,0.013361
79300,0.013408
79400,0.013403
79500,0.013422
79600,0.013461
79700,0.013448
79800,0.013494
79900,0.013543
80000,0.013545
80100,0.013633
80200,0.013537
80300,0.013558
80400,0.01359
80500,0.013603
80600,0.013633
80700,0.013651
80800,0.013655
80900,0.013687
81000,0.013703
81100,0.013718
81200,0.013712
81300,0.013725
81400,0.013789
81500,0.013776
81600,0.01381
81700,0.013802
81800,0.013855
81900,0.013939
82000,0.01387
82100,0.013929
82200,0.013906
82300,0.013946
82400,0.013959
82500,0.013975
82600,0.014016
82700,0.014037
82800,0.014059
82900,0.014068
83000,0.014093
83100,0.014125
83200,0.014124
83300,0.014162
83400,0.0142
83500,0.014194
83600,0.014306
83700,0.014249
83800,0.014277
83900,0.014307
84000,0.014322
84100,0.01435
84200,0.014357
84300,0.014348
84400,0.014382
84500,0.014389
84600,0.014426
84700,0.014462
84800,0.014462
84900,0.014457
85000,0.014487
85100,0.01449
85200,0.014508
85300,0.01454
85400,0.014548
85500,0.014586
85600,0.014594
85700,0.01463
85800,0.014645
85900,0.014668
86000,0.014697
86100,0.0147
86200,0.014735
86300,0.014728
86400,0.014737
86500,0.014741
86600,0.014853
86700,0.014825
86800,0.014817
86900,0.014841
87000,0.014833
87100,0.014881
87200,0.014883
87300,0.014922
87400,0.014924
87500,0.014945
87600,0.014958
87700,0.014985
87800,0.015019
87900,0.015056
88000,0.015053
88100,0.015029
88200,0.015094
88300,0.015074
88400,0.015111
88500,0.015107
88600,0.015119
88700,0.015152
88800,0.01517
88900,0.015197
89000,0.015187
89100,0.015218
89200,0.015234
89300,0.015251
89400,0.015256
89500,0.015271
89600,0.01531
89700,0.01532
89800,0.016945
89900,0.016172
90000,0.016481
90100,0.015812
90200,0.015444
90300,0.015468
90400,0.01544
90500,0.01546
90600,0.015497
90700,0.015509
90800,0.015553
90900,0.015555
91000,0.015607
91100,0.015581
91200,0.015598
91300,0.015673
91400,0.015659
91500,0.015654
91600,0.015703
91700,0.01569
91800,0.015732
91900,0.015896
92000,0.015766
92100,0.015768
92200,0.015786
92300,0.01582
92400,0.015806
92500,0.015896
92600,0.015897
92700,0.015976
92800,0.015922
92900,0.015905
93000,0.015927
93100,0.01595
93200,0.015968
93300,0.015985
93400,0.01601
93500,0.016009
93600,0.01606
93700,0.016075
93800,0.016216
93900,0.01615
94000,0.016114
94100,0.016127
94200,0.016284
94300,0.01675
94400,0.016624
94500,0.016197
94600,0.016218
94700,0.016226
94800,0.016236
94900,0.016258
95000,0.016313
95100,0.016324
95200,0.016311
95300,0.016338
95400,0.016474
95500,0.016392
95600,0.016456
95700,0.016428
95800,0.016545
95900,0.016451
96000,0.0165
96100,0.016468
96200,0.016519
96300,0.016516
96400,0.016543
96500,0.01654
96600,0.016579
96700,0.016663
96800,0.016608
96900,0.016594
97000,0.016638
97100,0.016641
97200,0.016958
97300,0.016693
97400,0.016696
97500,0.016725
97600,0.016709
97700,0.016758
97800,0.016744
97900,0.016798
98000,0.016813
98100,0.016862
98200,0.01688
98300,0.016876
98400,0.016985
98500,0.016923
98600,0.01692
98700,0.017038
98800,0.016972
98900,0.016982
99000,0.01701
99100,0.017062
99200,0.017053
99300,0.017095
99400,0.017086
99500,0.017175
99600,0.017125
99700,0.017146
99800,0.017153
99900,0.017195
100000,0.017198
